nco_sine = [
0.03063964843750,
0.06280517578125,
0.09490966796875,
0.12695312500000,
0.15728759765625,
0.18902587890625,
0.22058105468750,
0.25189208984375,
0.28143310546875,
0.31219482421875,
0.34265136718750,
0.37268066406250,
0.40100097656250,
0.43029785156250,
0.45916748046875,
0.48754882812500,
0.51409912109375,
0.54144287109375,
0.56823730468750,
0.59442138671875,
0.61883544921875,
0.64379882812500,
0.66809082031250,
0.69171142578125,
0.71356201171875,
0.73571777343750,
0.75720214843750,
0.77783203125000,
0.79675292968750,
0.81579589843750,
0.83398437500000,
0.85131835937500,
0.86700439453125,
0.88262939453125,
0.89727783203125,
0.91107177734375,
0.92327880859375,
0.93518066406250,
0.94604492187500,
0.95599365234375,
0.96453857421875,
0.97253417968750,
0.97955322265625,
0.98553466796875,
0.99023437500000,
0.99420166015625,
0.99713134765625,
0.99902343750000,
0.99987792968750,
0.99975585937500,
0.99859619140625,
0.99639892578125,
0.99334716796875,
0.98913574218750,
0.98388671875000,
0.97766113281250,
0.97076416015625,
0.96252441406250,
0.95324707031250,
0.94305419921875,
0.93243408203125,
0.92028808593750,
0.90722656250000,
0.89318847656250,
0.87896728515625,
0.86315917968750,
0.84643554687500,
0.82885742187500,
0.81134033203125,
0.79205322265625,
0.77203369140625,
0.75115966796875,
0.73052978515625,
0.70812988281250,
0.68505859375000,
0.66125488281250,
0.63793945312500,
0.61279296875000,
0.58703613281250,
0.56060791015625,
0.53497314453125,
0.50750732421875,
0.47949218750000,
0.45092773437500,
0.42333984375000,
0.39398193359375,
0.36413574218750,
0.33398437500000,
0.30487060546875,
0.27404785156250,
0.24291992187500,
0.21160888671875,
0.18151855468750,
0.14971923828125,
0.11779785156250,
0.08575439453125,
0.05517578125000,
0.02294921875000,
-0.00921630859375,
-0.04144287109375,
-0.07208251953125,
-0.10412597656250,
-0.13610839843750,
-0.16796875000000,
-0.19812011718750,
-0.22961425781250,
-0.26080322265625,
-0.29180908203125,
-0.32098388671875,
-0.35131835937500,
-0.38128662109375,
-0.41088867187500,
-0.43865966796875,
-0.46734619140625,
-0.49560546875000,
-0.52331542968750,
-0.54919433593750,
-0.57586669921875,
-0.60186767578125,
-0.62725830078125,
-0.65087890625000,
-0.67498779296875,
-0.69842529296875,
-0.72106933593750,
-0.74200439453125,
-0.76324462890625,
-0.78363037109375,
-0.80322265625000,
-0.82110595703125,
-0.83911132812500,
-0.85620117187500,
-0.87237548828125,
-0.88696289062500,
-0.90136718750000,
-0.91485595703125,
-0.92736816406250,
-0.93841552734375,
-0.94909667968750,
-0.95874023437500,
-0.96740722656250,
-0.97473144531250,
-0.98138427734375,
-0.98706054687500,
-0.99176025390625,
-0.99523925781250,
-0.99786376953125,
-0.99945068359375,
-1.00000000000000,
-0.99963378906250,
-0.99816894531250,
-0.99566650390625,
-0.99212646484375,
-0.98779296875000,
-0.98229980468750,
-0.97570800781250,
-0.96813964843750,
-0.96002197265625,
-0.95050048828125,
-0.94000244140625,
-0.92852783203125,
-0.91668701171875,
-0.90338134765625,
-0.88909912109375,
-0.87390136718750,
-0.85852050781250,
-0.84161376953125,
-0.82373046875000,
-0.80505371093750,
-0.78649902343750,
-0.76617431640625,
-0.74511718750000,
-0.72320556640625,
-0.70172119140625,
-0.67840576171875,
-0.65435791015625,
-0.62963867187500,
-0.60552978515625,
-0.57958984375000,
-0.55303955078125,
-0.52593994140625,
-0.49957275390625,
-0.47143554687500,
-0.44274902343750,
-0.41369628906250,
-0.38555908203125,
-0.35565185546875,
-0.32531738281250,
-0.29473876953125,
-0.26525878906250,
-0.23406982421875,
-0.20263671875000,
-0.17102050781250,
-0.14068603515625,
-0.10870361328125,
-0.07666015625000,
-0.04449462890625,
-0.01385498046875,
0.01837158203125,
0.05059814453125,
0.08270263671875,
0.11322021484375,
0.14520263671875,
0.17700195312500,
0.20855712890625,
0.23846435546875,
0.26965332031250,
0.30053710937500,
0.33105468750000,
0.35986328125000,
0.38970947265625,
0.41918945312500,
0.44818115234375,
0.47540283203125,
0.50347900390625,
0.53106689453125,
0.55810546875000,
0.58325195312500,
0.60913085937500,
0.63433837890625,
0.65893554687500,
0.68170166015625,
0.70489501953125,
0.72735595703125,
0.74908447265625,
0.76904296875000,
0.78924560546875,
0.80865478515625,
0.82714843750000,
0.84399414062500,
0.86083984375000,
0.87677001953125,
0.89178466796875,
0.90527343750000,
0.91845703125000,
0.93072509765625,
0.94201660156250,
0.95190429687500,
0.96124267578125,
0.96960449218750,
0.97698974609375,
0.98309326171875,
0.98846435546875,
0.99279785156250,
0.99615478515625,
0.99835205078125,
0.99969482421875,
0.99993896484375,
0.99914550781250,
0.99749755859375,
0.99468994140625,
0.99084472656250,
0.98602294921875,
0.98046875000000,
0.97363281250000,
0.96575927734375,
0.95690917968750,
0.94757080078125,
0.93676757812500,
0.92504882812500,
0.91229248046875,
0.89929199218750,
0.88476562500000,
0.86932373046875,
0.85290527343750,
0.83648681640625,
0.81842041015625,
0.79949951171875,
0.77972412109375,
0.76019287109375,
0.73883056640625,
0.71679687500000,
0.69396972656250,
0.67150878906250,
0.64733886718750,
0.62243652343750,
0.59692382812500,
0.57202148437500,
0.54528808593750,
0.51800537109375,
0.49017333984375,
0.46325683593750,
0.43444824218750,
0.40521240234375,
0.37554931640625,
0.34692382812500,
0.31658935546875,
0.28582763671875,
0.25482177734375,
0.22503662109375,
0.19354248046875,
0.16186523437500,
0.13000488281250,
0.09948730468750,
0.06744384765625,
0.03521728515625,
0.00305175781250,
-0.02764892578125,
-0.05981445312500,
-0.09191894531250,
-0.12396240234375,
-0.15435791015625,
-0.18609619140625,
-0.21765136718750,
-0.24896240234375,
-0.27856445312500,
-0.30932617187500,
-0.33978271484375,
-0.36993408203125,
-0.39825439453125,
-0.42761230468750,
-0.45648193359375,
-0.48492431640625,
-0.51147460937500,
-0.53894042968750,
-0.56573486328125,
-0.59204101562500,
-0.61645507812500,
-0.64154052734375,
-0.66589355468750,
-0.68957519531250,
-0.71148681640625,
-0.73370361328125,
-0.75524902343750,
-0.77593994140625,
-0.79492187500000,
-0.81408691406250,
-0.83233642578125,
-0.84979248046875,
-0.86553955078125,
-0.88122558593750,
-0.89599609375000,
-0.90985107421875,
-0.92211914062500,
-0.93414306640625,
-0.94512939453125,
-0.95520019531250,
-0.96380615234375,
-0.97192382812500,
-0.97900390625000,
-0.98504638671875,
-0.98986816406250,
-0.99395751953125,
-0.99694824218750,
-0.99896240234375,
-0.99993896484375,
-0.99987792968750,
-0.99884033203125,
-0.99670410156250,
-0.99377441406250,
-0.98962402343750,
-0.98449707031250,
-0.97833251953125,
-0.97155761718750,
-0.96337890625000,
-0.95428466796875,
-0.94415283203125,
-0.93359375000000,
-0.92156982421875,
-0.90856933593750,
-0.89465332031250,
-0.88049316406250,
-0.86474609375000,
-0.84814453125000,
-0.83062744140625,
-0.81317138671875,
-0.79400634765625,
-0.77398681640625,
-0.75323486328125,
-0.73266601562500,
-0.71038818359375,
-0.68731689453125,
-0.66357421875000,
-0.64031982421875,
-0.61523437500000,
-0.58953857421875,
-0.56323242187500,
-0.53759765625000,
-0.51019287109375,
-0.48223876953125,
-0.45373535156250,
-0.42620849609375,
-0.39685058593750,
-0.36706542968750,
-0.33691406250000,
-0.30786132812500,
-0.27709960937500,
-0.24597167968750,
-0.21466064453125,
-0.18457031250000,
-0.15283203125000,
-0.12091064453125,
-0.08886718750000,
-0.05828857421875,
-0.02612304687500,
0.00610351562500,
0.03833007812500,
0.06896972656250,
0.10101318359375,
0.13305664062500,
0.16485595703125,
0.19506835937500,
0.22656250000000,
0.25781250000000,
0.28875732421875,
0.31799316406250,
0.34838867187500,
0.37841796875000,
0.40802001953125,
0.43585205078125,
0.46459960937500,
0.49285888671875,
0.52062988281250,
0.54656982421875,
0.57324218750000,
0.59936523437500,
0.62481689453125,
0.64849853515625,
0.67266845703125,
0.69616699218750,
0.71893310546875,
0.73986816406250,
0.76116943359375,
0.78167724609375,
0.80133056640625,
0.81933593750000,
0.83734130859375,
0.85455322265625,
0.87078857421875,
0.88549804687500,
0.89996337890625,
0.91357421875000,
0.92620849609375,
